0.32186063548221344
-0.7958102504636052
-0.2469692804725908
0.084758481767622
0.44046882653199704
0.030019388882250073
0.3547112545616134
-0.3213429188065843
-0.0809462443343276
0.20435106536560813
0.845177299419448
0.09100733255265028
-0.4789964146913721
-0.548880577059547
-0.339968455895776
-0.3193309692819816
-0.4953468096095863
-0.07983273828740932
-0.03263651255151223
0.47774382137424865
0.06421955358702951
0.5307812222862615
0.6824302952652767
0.1383175126176622
0.3227338495811853
0.0003055993095178538
0.42627943611486807
0.2096015467222251
0.8161040371373186
0.06457556402372291
-0.14343254972436292
-0.46250540104538457
-0.6999088435879959
-0.2078168609732894
-0.4762662068454861
-0.07500747204746742
0.7558622314436381
0.19974380802330235
0.06232216905498379
0.5832065804784937
0.20277990574162721
0.06034102909029086
0.7313462286184591
-0.34619625315700464
-0.0280393650260414
-0.5433380727715352
0.22198693074127582
-0.0004283124166708877
0.7409910743166414
0.012400032864988817
0.07573280776440476
0.28600615578961514
0.5969672961033566
0.0829067851845088
0.2875633989953227
-0.24014305033248493
-0.7615590397711548
-0.4037108362871362
-0.3190978303925275
0.12190394243512398
0.5797684121265381
0.1348133406052954
-0.7502449894873492
-0.1311719336958855
-0.18737873376011374
0.17466980617490632
-0.03482615537021427
0.0711756570442183
-0.7887922824202581
-0.42653275781923344
-0.4213302797743708
0.1099022374342897
0.2617964894911527
0.8460677770181768
-0.3866652248283572
0.14884368853600363
-0.14115523008526426
0.15505700916965456
-0.6155477151130946
0.37360202719883984
-0.4699756828782967
-0.3296553811085317
-0.382270227472638
0.07643425991825346
0.019320709577435837
0.708562887618508
-0.41696491730289903
0.43278316249447324
-0.3206081340289875
0.18334328693864288
0.16767789314813333
0.44139626838881807
0.20545973328612063
0.8524525088753326
-0.018994879710765897
0.08833838948469752
0.48189447348813735
-0.12763558932080982
0.07920716831322672
0.8615561621887663
-0.022428318852652968
0.04930565034687982
-0.0601340340292168
0.4379571614444554
0.39952593491983357
0.7845406819876215
0.14815297370338879
0.08662023266282423
-0.49261215789922486
-0.5661855735262247
-0.3897277171876678
-0.5208356417912643
-0.10634289463670883
-0.047967569007675494
0.3920044187762194
0.11403944719535149
-0.2529962994020204
-0.394430504739022
0.780801433577072
0.06398523960640969
-0.4209926133478574
-0.4201133252453899
-0.4698545924361114
-0.19455515837917275
-0.618669799598274
-0.0700188891484658
0.6870932080589129
-0.19912772906773726
-0.3640871241417553
0.4646532344954503
-0.3722514230359585
0.034898233629272794
0.6896980486348294
-0.18346976113676913
0.23258652678057767
0.6417935078506137
-0.15365513170005327
0.032406014887922496
0.8433993841679498
-0.46226577984760536
0.022310739500184824
0.2034606613598032
0.17891615124091598
-0.03290636069412787
0.622506560459912
-0.7590601820782723
-0.0357750185574685
0.16639268618999747
0.030060852447780124
-0.08026947955152529
-0.17088725675591643
-0.864903602637968
-0.29499306521092195
0.05199307416552309
-0.3091848484955231
-0.1934420967612408
0.030057478168357122
-0.6028742511753826
0.015426752095066923
0.40121038806555015
0.6702099159429472
-0.15890278057893004
-0.0031052449786343438
-0.6624211816626755
0.009879819406415477
0.3066482561134555
0.6634176672483643
-0.16411816021409478
-0.37340663043680317
-0.6663726353195263
0.13650329345515033
0.4224225662917023
0.42259189655889606
-0.20213142894989689
0.24114444082587508
-0.38952551466093466
0.7379467635559636
0.36241623043891996
0.31451626552484907
-0.12364384691093705
0.20664136291399676
-0.7214920551170186
0.3674845280856454
0.39955206139810184
0.06266801862101751
-0.3716645703162739
0.15257664887728256
-0.8432589872799973
0.23812323160272011
0.11432810742443812
0.19719325235830018
-0.396201815035054
0.0298123424172479
-0.9171753981296875
0.07948163788395876
0.12351807502118849
0.039219280524804175
-0.36713528259036343
0.11947335320580246
-0.8883168454627662
0.12582406024515955
0.2222999275412431
0.09627938530858146
-0.3494290027802838
0.31666025602204956
-0.7851120364124184
0.19573316848191064
0.30151503089286946
0.1256616860654493
-0.3719028449653053
0.10505972328785491
-0.9312029397927427
-0.03698244316715368
-0.047529200068724374
0.14342074945723546
-0.31245367997092494
0.5845646672352525
-0.16966655449546134
-0.03996220349997139
0.14562039912457683
0.69638901066647
-0.34890898179751445
-0.2900132318896602
-0.8612270764486114
-0.21248860151594087
0.005110950958238111
-0.27266356592542923
-0.23378900817536946
0.004920328373914627
-0.5955098444587317
-0.25043570504235363
0.7200013827561726
-0.1769993003282327
-0.18136986980721137
-0.1632797306971438
-0.7261897567069675
-0.28217752516486866
0.5189173530309883
-0.23185282618823846
-0.20816594054026383
0.1942229598170984
-0.30702355763999106
-0.25138412131073534
0.866859388180198
-0.15261704120841021
-0.17344405537072122
-0.09724578828293337
-0.646450821839211
-0.35248254032983034
0.4811627090116303
-0.3572915623988293
-0.29870694210624205
0.07257600128047291
-0.582807660232117
-0.5827799590714727
-0.31755452433875075
-0.3944026937467452
-0.2429837726163123
0.4874844855872917
-0.6360080514538002
-0.4319923688181576
-0.25907483380660723
0.2693310577161552
-0.17769704532739614
0.4683564836783212
-0.6534186278409219
-0.4371498065992751
-0.2656336656162185
0.24354577792436688
-0.1808606019112167
0.7830559304416713
0.16946346910827828
-0.3079134131539407
0.056758596161093626
0.49960697189892256
-0.10230448587240704
0.8422668039528363
-0.31679452806385877
-0.3708686696468217
0.032247789269029756
-0.15811809935899546
-0.16322694190796835
0.7869478748910665
-0.39648921771880224
-0.3554988634049141
-0.08053992354832355
-0.22538328571009159
-0.1996136162498297
0.6482329816434987
-0.5376944120397398
-0.3670916460307577
-0.15558925106370206
-0.2893367662527924
-0.2190859758931646
0.873786018767952
0.03282496897222539
-0.36974218704156286
0.2333981017544554
-0.08695418540155361
-0.19150855249287313
0.8586973229624374
-0.13261207651253787
-0.4106396524705602
0.005676521327260583
-0.15520619762419077
-0.22870687318857622
0.7470638781454323
-0.37811081633796934
-0.4270133371295667
-0.1589510256001511
-0.17419089015012632
-0.24694025127827776
0.6662875818988196
-0.4710067896587901
-0.36510468394113466
-0.26647030920586173
-0.23248697142822594
-0.27541861682691654
0.8680692004479132
-0.30289161444478896
-0.16982846753344114
0.2930477028712345
0.06529430581936368
-0.18902518937287943
-0.29994979895538554
-0.4803354189274841
-0.25995527193241513
-0.37888437270693287
-0.6240439141095563
-0.28061911090698183
0.01156573444806147
0.7068586056332994
-0.3822145798858227
0.3273980675614368
-0.4335150691206714
-0.242908111338146
-0.2133453327663188
0.7073340748914003
-0.22824815278312485
0.1727364311212799
-0.5246934682264416
-0.3113261087660946
-0.3907267592752084
0.564267700553704
-0.25884611899266374
-0.031945136588520585
-0.5862554943395349
-0.34237005123931785
-0.010755828135906233
0.8009404879912596
-0.08428936753908996
0.24017456970776935
-0.47268446822619137
-0.2648764220173329
-0.1883738277134754
0.8791323403170793
0.06667598161290038
0.2512357861330192
0.1041888134713913
-0.33648360083470974
