-0.06230002407223688
-0.05381099608525482
0.0012130361102675592
0.00928408346556412
0.0002382942240955956
0.007230915797609276
-0.7489107153881676
-0.5528270595104051
0.03749285883923917
-0.2785221242202244
-0.22667808342973564
-0.056140368705583046
0.13042566145517118
-0.3117902093394019
-0.5969710787559666
-0.4785062313380306
0.5478646021988085
-0.016664559736973235
0.24048092765878523
0.8289778600043488
0.2324818240303555
0.176583275475379
0.40770986466879316
0.05922706834412966
0.36459529126894313
0.3683274763558323
0.532313072300123
0.3663141869569968
0.5524508523475756
0.093058631941018
0.2336714362215299
0.8146405663271086
0.35408013306577396
0.3421204691994319
0.18817954358315428
0.06267145193894419
0.6283771455465939
-0.4672579439923013
0.15278894494525375
-0.5802823879950871
0.14342356332628342
0.07854773516040463
0.13711246993091097
0.3661992715880835
0.6111250293308594
0.6250177100013151
0.2723709374929186
0.0937624508910622
0.16994454293596364
0.18735064230420265
0.2566811280815592
-0.9264136283406721
-0.016424972810852777
-0.1078025840789585
-0.40860565913520885
-0.31225799855942543
-0.5335641612634304
-0.19001007461226102
-0.6389050019804292
-0.08088395059482532
0.473135214371639
0.5241643177253346
0.07073513026838975
0.6570258124048531
0.25054180837001294
0.04401434292794056
0.5300096838513857
-0.2988112641949678
0.07256914421709676
-0.46581338830227265
-0.6270969265688076
-0.11959353949051428
-0.12014610304873963
0.6087349974817183
-0.6403867666699472
0.33301914130044913
-0.3006674007584192
-0.06007305124456461
-0.05291313490745244
0.5832106836806021
-0.7842556408838024
-0.0853684340160481
-0.15262997388025035
-0.10688737008631272
0.17385914548401205
0.7489127886597048
-0.6271367157591216
0.08723382226122844
-0.05616541311838556
-0.06955486239878089
0.5270076646087893
0.6800121163774844
-0.3667822235438114
0.3213079433836781
0.14829630675337663
-0.009308836528871394
-0.32118092875056437
0.15065108538188476
-0.5098807588498222
-0.6790328598470026
-0.35117952980908945
-0.17249923572579154
0.6799126554200905
0.11054550528915623
0.3449692281742958
0.28160650203781845
0.5676467288470269
0.07049590847766248
0.2842898388801133
0.3091098843469877
0.5295567152143789
-0.7227925793036665
0.1434646687473107
0.013741484804990248
0.2774191098650711
0.6939799020931321
0.5425389693110928
0.34637806230625245
0.15982491329473264
0.039499807526525
-0.1890865910250186
0.8309453339286643
0.3087499070987856
0.42220861599881626
-0.004435087604966553
-0.013031598424966383
-0.4906854021737519
-0.3051807874083258
-0.6370168391151901
-0.5013120560184353
-0.008210075053690443
-0.09445044696713384
0.79213065108103
0.14282302471268662
0.26581063632996466
0.32247827400347845
0.417169197406914
0.05876175945571413
0.07010491153400843
0.37987156441199366
0.5595734482846475
0.2959495376405719
0.6680107619591459
0.06193500611056154
0.5122907351742734
0.0717386269737696
0.47600029868032123
0.649074227673005
0.2848388535514825
0.05835205385361567
-0.6835899629958222
-0.3456248106969589
0.10558921747056316
-0.6110536235132711
-0.16171600763715746
-0.0506020942374522
-0.5049773983544863
-0.26848592105706226
-0.7134824283117404
-0.2620671002218485
-0.2952412799985609
-0.08949515853821798
-0.5427787558779239
0.1936098892853733
-0.7816746281244003
-0.19285866932013984
-0.12346192018829101
-0.06673752030592865
0.36224936594112067
0.48530138738266876
-0.6052248155728782
0.228069254190713
-0.46287945342075026
0.026228034396191213
-0.6042764058192672
-0.3978555449025806
-0.4216096156957202
-0.39466027305483486
-0.37312314177788114
-0.06187659214446366
-0.48556342883306447
-0.26542040124428284
0.03593360098742457
-0.13007708772831325
0.8167725433375224
0.09193207928331686
0.7005401273615856
0.4825859351486762
-0.009023323688841688
0.14467396850102757
0.5028885102957922
0.04945213679043657
0.2444713371715578
0.6164053616646802
0.030621800439720313
0.2529412536958004
0.7019839998853112
0.05079061758072326
0.2789589785533523
0.05175711265097636
0.4044326658839817
0.4098486947522175
0.7647808170000998
0.0554225378257227
-0.008913304533767513
0.19955418550250734
0.5827400386922935
0.3028454057930352
0.7238737044138643
0.06931267996423736
-0.20146137897804167
0.2574651767873394
0.3093655388289729
-0.6228565204163876
0.6389296020898612
0.03516642511360608
-0.09884385918313797
-0.14118307111259715
-0.24271419674180383
-0.3003468051778078
-0.8982518729785031
-0.11967631320806754
-0.6893025469359576
-0.15874023335129195
-0.10938998644521437
0.5849164800176718
-0.3745978184456405
-0.07243309870631405
-0.0033755447767322647
-0.28429445166192907
-0.4603234958565165
-0.43180628503996654
-0.7182753800370686
-0.0699382602495007
0.5102922424665057
-0.19135201040636343
-0.43764831424441214
-0.007282591362438446
-0.7148921245627468
-0.018066613744199413
0.5146157700475595
-0.06979154873167968
-0.3831805631097742
0.3553707306414697
-0.6756097772335486
0.027119692266878315
0.4044924649786736
0.5632428908340305
0.17346580634969894
0.6389579008036921
0.2476362367276953
0.13950627580053132
0.6937694924980854
0.33796608405683354
0.07712678142450727
0.5836151032762505
0.23152470944065698
0.06560485530511712
-0.0053604238172806915
0.49868712863422576
0.5923760767198953
0.5871848014809843
0.22415129047114393
0.07309723121194878
0.264264481149978
-0.1411942885760503
0.16763502372734845
-0.8726864440883467
-0.34560577501586204
-0.033195997892661484
0.5256594271078449
0.38075710615085817
0.1975988999625998
-0.7336073448129826
-0.01067738171736368
0.03697464939596146
0.1617975349327437
-0.0705217085967053
-0.8090860788540547
-0.526661198401776
-0.1907202258127193
0.021948596192232373
0.35886052672849583
0.03621959067172997
-0.8013079347111663
-0.4708841065726632
-0.06444166456700184
0.043912269603641696
0.7893161465475561
0.2100835483338989
-0.49088511697128123
-0.14576546270288732
0.247760481278243
0.09614519881217763
0.7590920584614698
0.20300617723186953
0.10835656911671891
-0.34980669172263595
0.48922382110454726
0.09550876402517053
0.12737255706090933
0.28274673972534503
0.21175552343269713
0.37331108600723645
0.8409967989778747
0.11114552780595244
-0.7325092805176404
-0.22453266167443398
-0.5192418275474195
-0.21189977246212957
-0.3118680232047017
-0.03521341867850906
-0.6268698588141753
0.5733347465168671
-0.48248354535019305
0.03966719151897034
0.2030170858998611
0.052360803687201085
-0.3835204531425344
0.7364356936941898
-0.31070881906776704
0.10812229060626363
0.44152209338598797
0.08603703943143265
-0.5959715430814564
0.6943665611747033
-0.3321702453165196
0.08365145507463825
0.20447115232278731
0.05941303407144756
-0.7738789223937884
0.5114380706583479
-0.35765920828613346
-0.0004879023873966065
0.10055727459225575
0.03886387219346303
0.34880271442152827
0.6257817388158404
-0.06848898251647088
0.23801658859555752
0.6438472329339141
0.10417286233626777
-0.4850124853131214
-0.29421138418491916
0.09686002663283087
0.09068872696035743
-0.8127700762289882
-0.001021634036664487
0.0900305594978473
0.2036669621979461
0.09612958919560416
0.9628742551319294
0.10871821548832955
0.04718990752072701
-0.10014020610366524
0.6950048768332524
0.3093420972975086
-0.639772282571279
0.03541403396982379
0.026170590184585424