-0.77390084984177
-0.03676737208995639
-0.06926953829557596
0.5268654095031344
0.34247744918335743
0.007028733744969782
-0.33410013122247545
-0.3972100290008514
-0.6031520927775826
-0.5783665013790555
-0.17606004965824792
-0.03610951610276777
-0.28087898005012396
0.5626711662038268
-0.5303887261963577
-0.46667618900136976
0.32282760340716454
0.03451998711148285
0.12104713411073768
0.47734824370864726
0.5793190431800043
-0.3601570590775563
0.5355530996816258
0.07311266633668603
0.5578227177863327
0.003586407391848443
0.05736740275416761
0.253661878311274
0.7865204507473085
0.05070666970505302
0.5447433731368218
-0.34571405807674666
0.44977907918781074
0.4891117392239471
0.37672351783971997
0.01686194106211114
0.5675146184118453
0.10713883700215576
-0.004546068309796526
0.5639680121635501
-0.5892652377977147
0.03367969027622183
-0.02847541953646622
-0.1513258520918478
-0.05930307820646569
-0.09834675301030808
-0.9795783184489915
-0.059388686490879
0.08742657898516196
0.13742316317799966
-0.026944307938999486
0.08571817183181259
-0.9818265302398832
-0.037610255432742386
0.45789287046769783
-0.23063080927250024
-0.4230171267428559
0.7469826116047747
-0.012794273141130245
-0.007303698123721522
0.6047573163470272
-0.5765116880877336
-0.4797655082699724
0.08109166524707913
-0.22789778521972923
-0.11495503563057399
0.5020866326085556
-0.5995950285774779
-0.5042339886112563
-0.1080937814012838
-0.3186471324678053
-0.14464660100595095
0.33275106839154306
-0.6408660098923291
-0.5242635453476078
-0.20767651328128292
-0.3671336753007646
-0.16061926771097734
0.175241266488426
0.4735759727084941
-0.014125398831993834
0.10379544729848458
0.8558546544702664
0.03944724632038887
-0.05045469934329988
0.28091822756084944
0.015587882080284476
-0.6773463270718777
0.6769404185258973
-0.0353541177052883
-0.3000791537317474
0.346141000556437
-0.24569831020158908
0.05527000951854769
0.8510544013574843
0.04922277492568229
-0.8246763010935463
-0.024081634413435235
-0.2969928426149037
-0.05027220625479774
0.47810417080015366
-0.003664952378410433
-0.684078134874789
0.0018851401003256766
-0.27712575907275283
0.0016142070516461794
0.6743250896207478
0.022758144365206782
-0.5558240049217931
-0.07997603803832516
-0.2428261777482393
0.13872397061295655
-0.7777793783541391
-0.038908288024476864
0.1384168315755493
0.03309086287473672
-0.24737812144894675
0.5494414869451506
-0.7852052098327598
0.010801455187855321
0.5338301760082412
-0.27249193262420346
-0.14353234969771028
0.682883350364488
0.39216637109466257
-0.006915316724940584
-0.4880045830989945
-0.4156317074551564
-0.3114228725703445
-0.5613383570338176
-0.4174133401405765
-0.05275374363573111
0.18875565590906915
0.7935455496927181
0.08090006358145878
0.0422053049060065
0.5681895503210612
0.05908713719140672
-0.8547627605554681
0.036182113838979034
-0.28568558569719454
0.13277645505044852
-0.4071181971918919
-0.055501445296943466
-0.5904723507390719
0.3100574487411325
0.04031047456754412
0.7393541387793521
0.050235275712389296
0.06643584632482975
-0.9508555840786322
-0.06178667035317758
0.13810275648351594
0.25072309988625296
0.09625960761346604
0.029252510496286074
-0.6493619384267335
0.2543866092553926
0.057413210753977144
0.47864700101288055
0.5209477874694809
0.09914988823577642
-0.966378640866527
0.21713656538601417
-0.12211187113330685
-0.010000702696918322
0.027101360457934206
0.05672942432766787
-0.8814673761966874
0.42342260685118105
-0.1465047912438605
0.11955650213364313
0.009632442285834921
0.0887601583146897
-0.47881053435161985
0.70580143239002
-0.37875367342044947
0.28575093135392504
-0.15512303927393392
0.15301540124252114
-0.7700664355640421
0.3282659080938958
-0.48994350935812586
-0.1621182323466077
-0.147768365010608
0.10524602169074203
0.34620016875949444
0.6667523961551092
-0.4342090271690577
0.4248950418523402
0.13840773549183444
0.21761596509111825
-0.22466991908556974
-0.12082610794895972
-0.7895309680221984
0.08585454384036575
-0.5155209010229247
0.19604215755901772
0.5634583545468492
0.4473276307860757
-0.5359255551797729
0.3217812391244163
-0.22115882449414026
0.20674158079073218
0.16525696871255455
-0.020416648258497795
-0.8550762647829716
-0.21871454976905755
-0.3349306012239678
0.2847864362179103
0.2275997398120788
0.1878070237309069
-0.8387143365210897
0.05175810498664188
-0.312620765366424
0.33026428450364415
0.27588649949714056
0.20552481310770582
-0.84309688750952
0.020152045771786364
-0.227227124169496
0.3446673148949417
0.27521397166989264
0.34223553356935965
-0.7892110136290725
0.09103841364886645
-0.183623920493096
0.37719006931492
0.028360454826677768
-0.028382007361543646
-0.8343433794048183
-0.03261085502544043
-0.43266982010736305
0.3376309085469999
0.47336169710332787
0.5904434345671823
-0.4642149799885726
0.3677710860336785
-0.04774545029023944
0.2725334968409696
0.09925630001533914
0.7486537821765586
0.0912288918163888
0.6378485235173249
-0.0006106230776161075
0.12038221971777253
-0.45506917885351655
0.12188325712211946
-0.24278146256988845
-0.8368300555368696
-0.1332014746554813
-0.03296211193294578
-0.20149130643888574
0.11153529587212802
-0.3075689386366403
-0.8869088530842555
-0.2564128313436019
-0.0027614187162670507
-0.10334973879346102
0.2952965988071823
-0.2835343907963166
-0.8939855943193097
0.13205747726702555
0.07125713513336594
0.6416502627325837
0.16043334643050589
0.4067442495265942
0.6056171738282973
0.14653395085340562
0.09413201993413771
0.7690153988757423
-0.20022339074207662
-0.45287923325703544
-0.39532441474898716
-0.008668998348445806
0.08408189904642807
0.5899752783949691
-0.4460901049305943
-0.459398513482743
-0.4077464807622012
-0.2679389900521834
0.061945944269919576
0.75382170118514
-0.39854918804593836
-0.37836697460677093
-0.34135937165349095
-0.05860683706508306
0.09893855714909373
0.36104586044579384
-0.6627402425178598
-0.38992937719897036
-0.4919010902288406
-0.17563618295738748
0.07457604888558315
0.6961561559851792
-0.46793072605876224
-0.3477039332207281
-0.4064420480878783
-0.012374248046850101
0.10080256171496815
0.5219460492255631
-0.5991054496203515
-0.36178862032165415
-0.4706505192029163
-0.09659761137297071
0.08313222233188972
0.62759804065668
-0.5741513311468603
-0.20880782218647045
-0.46552433069687216
0.07302046533435155
0.10404494640063866
0.6969785687562173
-0.6855769675126637
-0.005886773139813346
-0.03700634127434221
0.17212908021410417
0.11477174156911905
0.6577702960633951
-0.7415324738669846
0.026252744044478436
-0.04564962913355641
-0.029904510160216495
0.11747532881232799
0.949809923280951
-0.1424807830948242
0.1502321381729198
0.09501223039914845
0.10426223032140064
0.18733046775337608
0.6814314198011534
-0.6382719067340642
0.023377928223046192
-0.14918185557658126
0.18423852220036455
0.2674221504625193
0.8748758017921702
0.017212436497744284
0.20363222856387372
-0.027713658450683413
0.33092162940182046
0.28732004331015976
-0.30221639374789766
0.048995520596408236
0.7837373747238953
-0.49010274805430126
0.20298327347332004
0.10304127722459928
-0.7342308834673059
-0.23909889283001734
0.566863970321399
-0.2162959114649642
0.15864668274303223
0.10222170562024209
-0.8995943932987973
-0.2379049622466806
0.11292102762334032
0.0389443921598705
0.306531540255697
0.16094019744001653