-0.0616356916083807
-0.05319789730858476
0.09300445198889423
0.03731660403753563
0.04349710362897848
0.05
0.13898461955203398
0.5876006320983784
0.11683509316256825
0.41642432402160645
0.6652446813982807
0.07614873554895467
-0.9522258179054647
-0.2749103488562411
0.12175915098196623
0.0070147881844088295
-0.025728828980283457
-0.0464092777813927
-0.7274580688954033
-0.21142067533060166
0.11884760559427904
0.22546658574789008
0.6009290184995411
0.005516894289108089
-0.9356934321125073
-0.1604593666224155
0.13346991088975615
-0.25602338281135845
0.11199945771029858
-0.053146256483010884
-0.4847149023862829
0.6902275786341403
0.0461829413092238
-0.10763352846839891
-0.5241342491170886
-0.014240838509190177
-0.7895282888870996
0.14573076438746485
-0.08841123220828775
-0.4889037736014202
0.32565139614863486
-0.050153242389721124
-0.5512309705529551
0.3263824001460767
0.11136320644721985
0.3476252423811819
0.675089602075685
0.02505797790415729
0.6008455326866264
0.2319515450121531
-0.01589968964589965
0.03949099918990086
0.7624004862911082
0.04600310828876911
0.5939449273323891
0.04485202451320404
-0.10793488338749091
-0.7909227379435063
-0.07631573926226587
-0.04674302820870851
0.6994995369516812
0.16588456803609936
0.16956798907664392
-0.48204136739984443
0.47118688766388095
-0.006960027390534816
0.12560038366294865
0.13025430807125732
0.221152434448761
0.312726538413383
0.9011482434593662
0.0921081704957079
-0.48529872415784675
0.2620665576644992
0.02370682090038546
-0.41577564916717147
-0.7225391565244145
-0.017664404208683263
-0.5765089921364631
0.17478356088978708
0.0767024524122052
0.0322764708915607
-0.7925634983884408
0.04479010015060576
-0.7301731445196254
0.4872512081734756
0.09284861178606657
0.4281004155178386
0.14768632040425553
0.1254247162409245
-0.962041270179959
0.12658792669515395
0.10854883418854556
-0.18829474818803774
0.06939768333221095
0.07998931950446053
-0.7489327738458912
0.5608498876933697
0.19068988289928485
0.08634004108097042
0.2626557305847166
0.10835975632510571
-0.5749311648371388
0.6134452289562538
0.2603350043419154
0.22431414050998708
0.3938551385283427
0.14115979776905574
-0.6291103638766249
0.6687357669575922
0.16545916029899502
0.16257898536241042
0.2820174722503749
0.15385093172240158
-0.9094023743974304
0.3807520711911544
-0.10260013614665035
0.03739245862265012
-0.05702673499097092
0.11330555732652209
-0.6455522681494474
0.6492828597775636
-0.06912985580824137
0.3409915126172193
0.07974974427331388
0.18514822908541695
-0.7341294511031587
0.5956980238331575
-0.08018249590877691
0.2540785437864812
0.06894825119525086
0.17452453414503816
-0.8986388804640333
0.37570437485084435
-0.1612089048911652
-0.06488381149029407
-0.033071746659174325
0.14142992893825507
-0.937614702640396
0.0088061837509131
-0.19471209124796315
-0.15235075595002417
-0.21376817436754456
0.11824016589625974
-0.9247060546472124
0.24142595216280807
-0.10466395976688259
0.15174543170908655
-0.11416876253475534
0.19903892901563283
-0.9065795582435647
0.2713880540002165
-0.07956343165139389
0.20622970329425402
-0.10954560932444736
0.20880794530293123
-0.9204034278531236
0.26440678321814526
-0.080363903063204
0.1334599196336267
-0.1353770404848853
0.20087242924264168
-0.8029942869216116
0.35162238943971846
-0.05838857256280282
0.3882720252615861
-0.11900026732756301
0.2514685184774999
-0.7478275412374161
0.4860560215283311
0.10102575918592795
0.3355419028791282
-0.01628492751262315
0.28538349817731246
-0.8868167578156786
0.3046592997584327
-0.12521291009131785
-0.07169361024929155
-0.1140571361052466
0.2948075172504004
-0.9193501079154074
0.1303591821619799
-0.10000249178379546
-0.16728323535945194
-0.12140310921670802
0.29168299329787895
-0.8044287416232172
0.30044237308190974
-0.06479282435144075
-0.03107364055376249
0.2437014216249503
0.4450558571468024
-0.864610649831111
-0.10930297577044157
-0.04725958167532232
-0.0769774951217473
0.1055291957628863
0.4703252807500823
-0.8606775303606299
-0.08855254485070507
0.027474636307091724
0.043589156738133704
0.04761472743796209
0.4964580576830743
-0.8260897130032412
0.11024002420878455
0.12729663709201536
0.06840890413451134
0.05829705684127745
0.5302265217022749
-0.8410918003963255
0.10407278002668766
0.047867016139765545
-0.04837826034930153
-0.031147460061537652
0.5254822244250987
-0.781507307421809
0.16000077837132617
0.133708895880261
0.014970086836394586
0.1104058717093598
0.5773685569214629
-0.7174086486521069
0.29320732172800895
0.1456968039040173
0.0492876989736012
0.07049072999132776
0.6088747969587651
-0.4678257753660224
0.4695982668331805
0.3001016470476464
-0.106115353267263
0.23289214268669134
0.6364403309073904
-0.5456702146081075
0.4788663014412518
0.16068980208830685
-0.040177892031340576
0.12246185580851694
0.6561239978862156
-0.6237830215005115
0.37545538547908025
-0.005478761678672944
-0.025329250943621432
0.006542447206068978
0.6849916818503031
-0.6698780091992343
0.2949295672213483
0.005739422862709392
-0.026962432984236256
-0.019790536562737295
0.6805353951597458
-0.6491419641113715
0.15256333320761664
0.07636127778998923
0.04490552215503382
0.0021878815134239826
0.7399235111137905
-0.4845604017878035
0.2698568133556567
0.15482911351420406
0.15054546051113218
0.1607257681580593
0.787343479481904
-0.5351365919977832
0.1976940528500544
0.05139849473650052
0.051389927305218235
0.03676243307743218
0.8172586389860506
-0.4960015474571603
0.197031920808619
0.04666160160227217
0.020962140774697925
0.10565937725228518
0.8374844874332183
-0.5145392669000703
0.18025943990787988
-0.00862200407557921
0.012519508237254274
0.07302400522433895
0.8349804157956339
-0.5542045641011405
0.0894015245782756
-0.02900233306384639
-0.001165022639668205
0.004534021578491256
0.8270439036592758
-0.39764114258807914
0.11358523322569784
-0.013221698211758231
0.06987049477702333
0.09525153287721652
0.9026906239985338
-0.41042593036654185
0.0797983027894066
-0.03285908700239279
-0.04905222085517083
0.024515003658510476
0.906143455078089
-0.38651193976285236
0.08489691687170679
-0.007920672968996038
-0.045209630813157965
0.04227078552851207
0.9162464552939316
-0.39150125179025014
0.07794944077407864
-0.008353648605712846
-0.05401421827768684
0.017007938131826626
0.9150814528494183
-0.3028914416395559
0.20330957038963932
0.030866995646356334
-0.04368857885121687
0.07842384787101955
0.9262344357193397
-0.35066782291292226
0.12120611788659666
-0.015301941957326886
-0.024357783960702904
0.01127486917512477
0.928109142945114
-0.36177951807353953
0.10702523325822491
-0.017117590383759044
-0.03892019040907215
-0.017375043551005956
0.9249602664374703
-0.35019005844377527
0.1109980605279608
-0.006071684145543739
-0.0340600454281247
0.008808406324920862
0.929393250169842
-0.21460161487416027
0.1740033294060127
0.03642907734030793
-0.002111895262640831
0.08183122202553375
0.9568913739674774
-0.24768515211086256
0.036010306470180484
0.039721465601050124
-0.023791042789163528
-0.10848442178549422
0.9609592316717283
-0.22520851389857446
0.028730464418584192
0.05382423289089532
-0.007086356696213764
-0.013361869769357451
0.9722807627535555
-0.22614832541741173
0.035335174219674616
0.027506608593750995
-0.002505594396628047
-0.004187077305680869
0.9730508400067243