0.45400800348161136
0.7598843940383918
-0.11822303053210942
-0.07942194481646803
-0.06537256137235262
0.4380574601859204
-0.6732109892946135
-0.6195304969564966
-0.18328106658590435
-0.31051718615159085
-0.05148333524190375
-0.17408481025582168
0.06171120684731179
0.9236921883457542
-0.09409775938304789
-0.16662942550137128
-0.023372591064945172
0.325297458277134
0.009616221639130553
-0.8008452378473093
0.3576734060982993
-0.08886348597073634
0.3953911440290585
-0.25766895807069196
-0.5903638884914832
-0.6599262113984067
-0.3079253580307831
0.0026101467766736827
-0.27595689981979166
-0.21211040788190655
-0.2540234645363117
-0.5024447966562687
-0.6432476442395422
-0.13872197863952615
-0.49346656874072786
-0.0806271178690934
-0.5333188181399499
-0.21874794210994525
-0.7883538936433265
-0.16623937468253314
-0.12914814875581843
-0.04363187362448412
0.1732960324606923
0.7098259982688455
-0.6101990823972764
-0.12867205287816164
-0.09996282443651054
0.2592750541323572
-0.12369112381729887
-0.5214386993620449
0.5003131283962582
0.06393359892134597
-0.6769827468845436
-0.00978864650522396
0.3172388400076256
0.4214504417086094
0.5615097234497888
0.5490665289609918
0.2788619361177507
0.16494799606228502
-0.5204873424555825
-0.798877089078117
-0.1320228286893721
-0.029539552859389483
-0.07715621697412252
-0.2581329668863819
0.0778055470925888
0.9237554038597143
-0.1607751288828604
-0.016764928495343053
-0.12963603796410497
0.31254926563313756
-0.605627968054748
-0.7542428863399407
-0.030718622474139142
-0.0032032038340308396
-0.02476900834683169
-0.25052950856032075
0.16924717621703508
-0.6341464906238166
-0.05600449575119656
-0.5296874541544621
-0.4934790805939685
-0.2049066034934162
0.5101640292882278
0.44112400413713915
-0.06608527070859412
-0.5206790128141235
-0.49611968662809797
0.1534067643382682
0.8679551190280673
-0.4211271234942534
0.09687971549757148
0.08513373425613234
-0.18651887343090717
-0.1337278395892585
-0.4793231928512074
-0.47932346144649346
-0.2845983519178107
-0.6390980964250542
-0.15977424982251456
-0.1597744861580434
0.20565887083919257
0.5802266796828293
-0.1351537309916343
-0.5964824375277543
0.34474784553355003
0.35795603465977904
-0.566634187047844
-0.7699848681994907
-0.039772663867621585
-0.1755311919002769
0.10145143666319743
-0.20823914783334194
-0.034245515528388115
0.9188564272455774
-0.11998906721510988
-0.143271654543536
-0.004719465696263371
0.3458087537533357
-0.6498278652697068
-0.722624120419137
-0.031179751384536117
-0.037229846625193685
-0.0012263764565611035
-0.23060438792905477
0.20307170942542768
-0.61737057761043
-0.010834928157489048
-0.4489307086216378
-0.5777623263514914
-0.20530457415558823
0.5404602958659619
0.4132635732344737
-0.010272188680739102
-0.4417438374164744
-0.568123722570407
0.1382323685935022
0.2494884335817879
-0.8263625337839717
0.23161025971165108
-0.3137643439356427
-0.1646237241466507
-0.27511477202444934
0.331159876983889
-0.11543463770645014
-0.1152520441248125
-0.5186650355529038
-0.7702426996828201
-0.037917161007574925
0.9082853263306607
0.3123404023474929
-0.25563473337244064
0.012884950296067434
-0.031584038661098005
0.10463531280182103
-0.3488989999366738
-0.4751367949631565
-0.5136800881620633
-0.5466332957995576
-0.2544764418266874
-0.15837001426938424
0.41399503628416384
-0.08879530982242598
-0.322694701507098
-0.8192408953337174
-0.01375793819269858
0.2127127336441167
-0.3975341770700593
-0.4371430698907386
-0.5933817540150347
-0.30562924387276946
-0.43221178466468585
-0.1362143421101432
0.33349717408993845
0.8669269182120737
-0.1416203006461868
-0.1665595102772499
-0.053787111563114144
0.2941528853574708
0.5496656196818446
-0.569428797970109
0.49214189464375657
0.2601952136891888
0.1704486306282427
-0.18617363188362204
-0.24655223772674814
-0.9128261572540303
0.10173726845016663
-0.02472245576281968
-0.06105643131266473
-0.30211064411816013
-0.18310916357592255
-0.420946690763633
-0.6415744023833306
-0.23701480739969513
-0.5661211215867299
-0.03143343320118287
0.45376749970141034
0.7923748781313033
-0.16086414562796367
-0.1387407116777287
-0.11669626434244464
0.32786099521625567
-0.8380311120920522
0.026465354365203933
-0.25292336461009635
-0.24794748098959993
-0.3859798955036706
-0.15024905575835856
0.07083191995354972
-0.7521245716662196
-0.3163213868067049
-0.5324216753418376
-0.18296701745815755
0.1108263425767528
0.43734127637083686
0.43438778773641257
-0.3102693705642821
-0.5031682007202397
-0.18424204825399113
0.4864662423812853
-0.5077768095732417
-0.824442426426763
-0.08788684857227277
-0.14252733804389725
-0.052188370918131326
-0.1780326679748356
0.5393331578068812
0.7832376010280849
-0.0360664776764891
-0.05848951395296005
-0.021416750574953982
0.30079580111131266
-0.2418371902351486
-0.24257560636432773
-0.512756128121863
-0.7218043483736526
0.3037711855453294
-0.08046459588474014
0.5805282718175633
0.6954031547786664
0.06350328334117551
0.009517680089070751
0.34853192279107104
0.23195608099500795
-0.6685288381310792
-0.6419485023364067
-0.25292442933569065
-0.12272830906838504
-0.12714167420501443
-0.2139469626190802
0.10551681020450981
0.9369882707666694
-0.08936739035185667
-0.07148963920942022
-0.016098526376484863
0.3123503188502675
0.5389534336540379
0.6605534481540952
0.16529811914800435
0.07811652898965189
0.4369526810301293
0.22100912363425315
-0.30034222863160054
-0.4705065969059385
-0.5647494234815443
-0.5288577654804038
-0.2553198981867517
-0.156835551221145
0.5877870879782943
0.7214039895709036
-0.18849363823653387
-0.19950823605862428
-0.030403658051692647
0.24046798685768397
-0.6864769263105178
-0.6414733464064251
-0.20271651912772842
-0.14200082332126537
-0.1014014706226484
-0.21382445205773581
0.32749198864564727
-0.13344520533831233
0.39487158219478496
0.49082504505766344
-0.6900217087146462
-0.04448173520428959
-0.2149555462406351
-0.7271144120857128
0.2558049685980405
0.3179653611441012
-0.4470085706057363
-0.24237147075452514
0.8689785051507063
0.44313816550193197
0.1315648615311956
0.09073328157826226
-0.03382357918530782
0.14771272178468206
-0.5670580988838468
-0.7222627499882701
-0.2807936298121272
-0.1329524847921952
0.0479332641732152
-0.24075425001405654
-0.4788337570120504
-0.7237426579531504
-0.205050359101981
-0.25155393228233425
-0.2923417332236226
-0.23690943123034425
0.480175046477141
-0.2843198572060729
0.04188467942244382
0.42269357957825854
0.6632163876055033
0.26136942851737294
-0.3168860045088857
-0.8994337381838438
-0.03671988112783942
0.21001494083545483
0.17630082948256814
-0.11859849595432063
-0.46314722787970275
0.3302553699810195
-0.30381109960309916
-0.23412179744744327
-0.7109583984193987
-0.1544344240799448
-0.6922901712657107
-0.2757492798511736
-0.22606618833776007
-0.17421029852060324
-0.5290249612583691
-0.2887457258139622
0.24952271649665467
0.87081116189794
-0.14717457692570773
-0.11341513372430523
-0.3444080931731909
0.16212973500235356
-0.7295843365747968
-0.5047029997204799
-0.2534495296084875
-0.3143521957378086
-0.06218963387588628
-0.21461607654670445
-0.5501908462250024
-0.7534309197039345
-0.028673425748276374
-0.29851144519644685
-0.1932495743446314
-0.048530770883068
0.49693953379644223
0.7776685363461207
-0.012872845276868314
-0.1340157845498879
-0.08675879513659576
0.35018526259661326