-1.2150342777196743
-1.0234108808249744
0.014475340581616791
0.029471595879188236
0.01549428814317401
-0.9756505556042557
-0.6539281619623352
0.5684031712807236
0.09399576484718278
0.031097791739217742
0.09507093631710872
-0.4800573241583801
-0.5055465467023176
-0.3200841580945221
-0.5368272536567162
-0.33964253172234904
-0.33945063153048777
-0.35100076920778406
0.5611170702895021
-0.5407158918115043
-0.3107913808018132
0.11618616705989071
-0.4452744391146927
-0.29054108805218093
0.5955098299967089
-0.5611588714310309
-0.39210351986367553
0.05900947675808684
-0.2694477720022469
-0.3172370925945151
0.587969904493897
-0.5688200839726657
-0.3911198596882031
0.05886144117737444
-0.26877181519680804
-0.31946424046297056
0.9156223117789724
-0.32107944188750237
-0.08565779768217097
-0.0357398470475989
0.03086091819301513
-0.22130698797660872
0.6600467459610933
-0.5729605541236751
-0.2483911841463641
0.02647320511169741
-0.14308286218869756
-0.39138571788177784
0.5167278083622824
-0.3454618885255531
-0.38176348247394976
-0.35637627612257444
-0.2671259136709288
-0.5191770364271816
0.662092868751556
-0.2826470554837956
-0.32576648612571263
-0.2642942849400816
-0.17645883854561084
-0.5240521738711955
0.5462042812435023
-0.6640463935926321
-0.2744898603261998
-0.21554033610153647
-0.030012812346888407
-0.37148375670311434
0.41318665885115424
-0.8488136723599923
0.0020092909655749767
-0.23445366572666407
0.15273286761880797
-0.17462029403320944
0.7517680875252543
-0.5548632338967318
0.015196013382112177
0.025150895331056914
0.34375342942551973
-0.08911581031339587
0.4174272385341029
-0.8779417105093577
-0.09257344041890092
-0.004179002005358267
0.0817866849405108
-0.199239769412097
0.8510354628663798
-0.16922513600435055
0.2452266421270381
0.02562437078084174
0.4315763369934704
0.007116547519538079
0.39588420540094615
-0.8123453365503109
0.1196581763267473
-0.30497161529065636
0.17659158362973534
-0.21180273226597165
-0.09922332669365781
-0.8133257865266462
-0.33064325624019847
-0.293972816593614
-0.279984365197257
-0.23349447929799289
0.6659172041185087
-0.2614999530318262
-0.46078487440520505
-0.41750220795608084
-0.3177563873872287
-0.02391936389487145
0.563826673734859
-0.5215627930269883
-0.441168444701248
-0.3735600431682068
-0.2535986901238842
-0.10762312405088259
0.5518188028976427
-0.5517325846194423
-0.4234151291718123
-0.3747007089200589
-0.23975138510095387
-0.11800611976994911
0.7883352614274449
-0.3733278007832319
-0.35679510063506764
-0.25655259255987467
-0.20861618797199608
-0.05011165814587753
0.17899386745574358
-0.22589993820968152
-0.5905318631364199
-0.5545712319179569
-0.49725013650247124
-0.11573928645019342
0.12522787068427577
-0.29883927479770583
-0.5813229547240393
-0.5459231029994775
-0.48949588774648634
-0.13942177750938808
0.8209130885509137
0.4637251963056954
0.20562808643951458
-0.19286991271772566
0.07437602813875098
0.1613912532661797
0.08143894249851932
-0.3159131660969176
-0.014180733160764765
-0.6700771119621189
-0.6591875772602115
-0.09916591626504657
0.35770702654148534
0.5619284177184541
0.6184745112511995
-0.36854513337807937
0.04594482376192071
0.18930127651099765
0.15015061221664372
0.11465685844052889
0.889837159794696
-0.29571263452579966
-0.28573740835564276
-0.058366075420878426
-0.2454645710267249
-0.3942446891874864
0.08471096959460013
-0.34186897456154414
-0.7787885150046947
-0.2318542088845737
0.08497877921342904
0.13460394782860444
0.19028321944660703
-0.22247411580640503
-0.9379792830775385
-0.09567033512478866
0.2440579762374286
0.1470410239625342
0.04185565010910415
-0.37159993747425446
-0.8693839489070154
-0.1521439512858091
0.6711918031640939
0.5524260233755361
0.1035277272719513
-0.21282030279525252
-0.43001471775930467
-0.058343148503069285
0.6261377047179608
-0.09061507175419668
0.12909327588490466
-0.2925760927889561
-0.6043976639080514
-0.36356306662482596
0.43819807117369175
-0.36910323215657154
0.12866440013556227
-0.2916040918061442
-0.6023897243059883
-0.45528496599542295
0.8511042644406067
-0.19480803861523852
0.1299375754562394
-0.18768422016202502
0.01129142974091073
-0.4306213217468804
0.5631204631264211
-0.5862277934816551
0.0466294765714806
-0.14116347174393246
-0.016001436141539083
-0.5629163688854614
0.6633202045310718
-0.06188814063438921
0.3623182401777039
-0.10967497094068901
0.360927112934558
-0.5316057533944591
0.304972088694257
-0.0937375587092299
0.16366358341369794
-0.15859822861403958
-0.0384393387748094
-0.919123792415324
0.2700101736078004
-0.14009934506895966
0.16185795905036565
-0.15684848795949832
-0.038015255388912025
-0.9247821759388095
0.25119210849466816
-0.11944519943153457
0.052479770677443145
-0.10507177769769865
-0.03362936574424808
-0.95273827986677
0.22912890058554303
-0.0659785492544462
0.014973017757266597
-0.07207601446122547
-0.07517033906001275
-0.9654413783130322
0.23872771532033865
-0.03393893525702404
-0.0004837313779631139
-0.05792421737144504
-0.05819405334083007
-0.967013562372925
0.28242995938108556
0.12415596465518239
0.04625168204296998
-0.013693083294325606
0.09854048698041576
-0.944871244291143
0.12258081304973976
0.076007956879579
0.03276452688393107
-0.029334540719782417
-0.12049950644497504
-0.9811944629931448
0.10972182089193651
0.0414257781271679
0.031936654675473075
-0.02910537613766036
-0.12013006356717794
-0.9848587319621465
0.12257295267272691
0.04759267005097709
0.016120174024227902
-0.01598171549396
-0.10210926760052022
-0.9857835620763274
0.0905927177388552
0.0010898570789897087
0.015946566086673088
-0.015809598700349446
-0.1010095909266384
-0.990497146822769
0.11063330229489951
0.013083484390725535
-0.001107333216123237
-0.0018490747256179362
-0.044599619567699346
-0.9927715364220244
0.09867502571298535
0.00845085409961291
0.0010611057221405005
-0.004728368443873735
-0.046711795537421295
-0.993975023383236
0.10381408188964306
0.013043734623602646
-0.00041151967389190284
-0.02187159829478134
-0.022017803928224257
-0.9940267489048006
0.10536226970508619
0.017268478487984098
0.016314780456249813
-0.03180602577065898
-0.0032093405479008707
-0.9936359980243724
0.10064602195877717
0.02129045031902208
-0.003066703283712248
-0.0012689773263597204
-0.026171541442838106
-0.9943445732919285
0.08212236031985912
0.003131937531704082
-0.0010316650760710396
-0.029132527546907924
-0.028282636250173236
-0.9957893516680286
0.08763108489598295
0.008365118660975059
-0.0017739820552122648
-0.02774220141092638
-0.028371497686834085
-0.9953256246662648
0.11070183039758849
0.01996559562764151
0.002044310763548515
0.005265006942905007
-0.008968896609556418
-0.9935965675901147
0.07709369742286815
-0.007122406597153982
-0.018931176815608013
-0.04632331978614645
-0.0022726326079330443
-0.995739136958738
0.09404724273744579
0.02403388670772523
-0.020817535365947933
-0.03031265034023899
-0.0013851133866815974
-0.994597075872812
0.07693831839037836
0.014921912700541598
-0.024433302662879526
-0.01772317081395837
-0.017279429769275698
-0.9963172968129934
0.07548742847960864
0.010833748499619638
-0.02305771340283012
-0.01551777871362828
-0.01591174657203169
-0.9965734467426063
0.1294165829417657
0.015886359743592374
-0.0013371314629208825
0.012081221997619566
-0.0008251356574143919
-0.991388191849901
0.09404724273744579
0.02403388670772523
-0.020817535365947933
-0.03031265034023899
-0.0013851133866815974
-0.994597075872812