-0.5
-0.5
0.10656999988136655
0.10792713845390701
0.1057607699467562
0.1053618736580689
-0.678247329426674
-0.6746894512696948
0.14552320168425256
0.14692946687385094
0.14442153509164263
0.1454367704828683
-0.6782935658104641
-0.6692585116674361
0.15249682125147346
0.15600631342192453
0.1491381544618879
0.14891421592719928
-0.6782979378219434
-0.6692380255433498
0.15250866605537672
0.15601843081673308
0.1491497383898649
0.14894993882196372
-0.6783023085638042
-0.6692175371485376
0.15252051101971148
0.15603054837566524
0.14916132247473995
0.14898566286499296
-0.6783018434521845
-0.6691845281603692
0.15256239504976302
0.15609869567725393
0.14917830422420422
0.14900477446539453
-0.67829707445654
-0.66915651223869
0.15259569510798035
0.15612914896098118
0.14922812983391145
0.14903640111649344
-0.6783014390779802
-0.6691360149588479
0.15260754397243154
0.15614127219369497
0.14923971721114027
0.1490721257543112
-0.6783058024287035
-0.6691155154085229
0.15261939299654032
0.15615339558976335
0.14925130474450324
0.14910785153826486
-0.6783049761717674
-0.669061932234106
0.152690936452831
0.15625278829121264
0.1492847034414667
0.14914124691229794
-0.6783050197601411
-0.669061727182128
0.1526910549758864
0.15625290957907892
0.14928481932050697
0.1491416041456208
-0.678305013806026
-0.6690612355188766
0.1526916832946769
0.15625373382772237
0.14928519970364554
0.14914194929173138
-0.6783050150825549
-0.6690612327422772
0.15269168460347562
0.15625373473003568
0.14928520099277295
0.14914195236637837
-0.6783050163590839
-0.6690612299656779
0.15269168591227436
0.156253735632349
0.1492852022819004
0.14914195544102538
-0.6783050154411141
-0.6690612241363236
0.15269169560455276
0.15625374547583218
0.14928520807938775
0.1491419597280004
-0.6783050154538793
-0.6690612241085577
0.15269169561764073
0.1562537454848553
0.14928520809227902
0.14914195975874686
-0.6783050154565532
-0.6690612240826561
0.1526916956257653
0.1562537455079023
0.14928520811499868
0.14914195980757702
-0.6783050154693184
-0.6690612240548902
0.15269169563885326
0.15625374551692542
0.14928520812788995
0.14914195983832348
-0.6783050154820838
-0.6690612240271243
0.15269169565194127
0.15625374552594856
0.14928520814078122
0.14914195986906997
-0.678305015494849
-0.6690612239993582
0.15269169566502921
0.15625374553497165
0.14928520815367247
0.1491419598998164
-0.6783050154812924
-0.6690612239844255
0.1526916956904021
0.15625374555499957
0.14928520820010469
0.1491419599350251
-0.6783050154856513
-0.6690612239639203
0.15269169570225447
0.1562537455671284
0.1492852082116926
0.14914195997074842
-0.6783050154984165
-0.6690612239361542
0.1526916957153424
0.1562537455761515
0.14928520822458385
0.14914196000149485
-0.6783050155027753
-0.669061223915649
0.15269169572719477
0.1562537455882803
0.14928520823617178
0.14914196003721816
-0.6783050155006933
-0.6690612238677327
0.15269169578860342
0.15625374567894215
0.14928520826893327
0.14914196007099415
-0.6783050155003072
-0.6690612238677702
0.15269169578864078
0.1562537456793384
0.14928520826960653
0.14914196007145458
-0.6783050155003508
-0.6690612238675653
0.15269169578875932
0.1562537456794597
0.14928520826972244
0.14914196007181185
-0.6783050155003945
-0.6690612238673602
0.15269169578887784
0.156253745679581
0.14928520826983832
0.1491419600721691
-0.6783050155004381
-0.6690612238671552
0.15269169578899636
0.1562537456797023
0.1492852082699542
0.14914196007252634
-0.6783050155004816
-0.66906122386695
0.15269169578911487
0.15625374567982356
0.14928520827007008
0.14914196007288358
-0.6783050155006094
-0.6690612238666723
0.15269169578924577
0.1562537456799138
0.14928520827019903
0.14914196007319105
-0.6783050155002432
-0.6690612238663776
0.15269169578990577
0.15625374568071368
0.1492852082710766
0.14914196007378602
-0.6783050155002446
-0.6690612238663749
0.15269169578990707
0.1562537456807146
0.1492852082710779
0.1491419600737891
-0.6783050155002449
-0.6690612238663727
0.15269169578990824
0.1562537456807158
0.14928520827107905
0.14914196007379266
-0.6783050155002454
-0.6690612238663707
0.15269169578990943
0.156253745680717
0.14928520827108022
0.14914196007379624
-0.6783050155002447
-0.6690612238663651
0.1526916957899176
0.15625374568072792
0.14928520827108466
0.14914196007380048
-0.6783050155002447
-0.669061223866365
0.1526916957899176
0.15625374568072792
0.14928520827108466
0.1491419600738005
-0.6783050155002448
-0.669061223866365
0.15269169578991762
0.15625374568072795
0.14928520827108469
0.14914196007380057
-0.6783050155002448
-0.669061223866365
0.15269169578991765
0.15625374568072797
0.1492852082710847
0.1491419600738006
-0.6783050155002448
-0.669061223866365
0.1526916957899177
0.15625374568072803
0.14928520827108474
0.1491419600738006
-0.6783050155002448
-0.669061223866365
0.1526916957899177
0.15625374568072803
0.14928520827108474
0.1491419600738006
-0.6783050155002448
-0.669061223866365
0.1526916957899177
0.15625374568072803
0.14928520827108474
0.1491419600738006
-0.6783050155002448
-0.669061223866365
0.1526916957899177
0.15625374568072803
0.14928520827108474
0.1491419600738006
-0.6783050155002448
-0.669061223866365
0.1526916957899177
0.15625374568072803
0.14928520827108474
0.1491419600738006
-0.6783050155002448
-0.669061223866365
0.1526916957899177
0.15625374568072803
0.14928520827108474
0.1491419600738006
-0.6783050155002448
-0.669061223866365
0.1526916957899177
0.15625374568072803
0.14928520827108474
0.1491419600738006
-0.6783050155002448
-0.669061223866365
0.1526916957899177
0.15625374568072803
0.14928520827108474
0.1491419600738006
-0.6783050155002448
-0.669061223866365
0.1526916957899177
0.15625374568072803
0.14928520827108474
0.1491419600738006
-0.6783050155002448
-0.669061223866365
0.1526916957899177
0.15625374568072803
0.14928520827108474
0.1491419600738006
-0.6783050155002448
-0.669061223866365
0.1526916957899177
0.15625374568072803
0.14928520827108474
0.1491419600738006
-0.6783050155002448
-0.669061223866365
0.1526916957899177
0.15625374568072803
0.14928520827108474
0.1491419600738006
-0.6783050155002448
-0.669061223866365
0.1526916957899177
0.15625374568072803
0.14928520827108474
0.1491419600738006
-0.6783050155002448
-0.669061223866365
0.1526916957899177
0.15625374568072803
0.14928520827108474
0.1491419600738006
-0.6783050155002448
-0.669061223866365
0.1526916957899177
0.15625374568072803
0.14928520827108474
0.1491419600738006
-0.6783050155002448
-0.669061223866365
0.1526916957899177
0.15625374568072803
0.14928520827108474
0.1491419600738006
-0.6783050155002448
-0.669061223866365
0.1526916957899177
0.15625374568072803
0.14928520827108474
0.1491419600738006
-0.6783050155002448
-0.669061223866365
0.1526916957899177
0.15625374568072803
0.14928520827108474
0.1491419600738006
-0.6783050155002448
-0.669061223866365
0.1526916957899177
0.15625374568072803
0.14928520827108474
0.1491419600738006
-0.6783050155002448
-0.669061223866365
0.1526916957899177
0.15625374568072803
0.14928520827108474
0.1491419600738006
-0.6783050155002448
-0.669061223866365
0.1526916957899177
0.15625374568072803
0.14928520827108474
0.1491419600738006