-0.5
-0.5
0.10656999988136655
0.10792713845390701
0.1057607699467562
0.1053618736580689
-0.6884895587153227
-0.6513634151514167
0.1565711275531368
0.15406047967396064
0.15541599313858134
0.1711857138851845
-0.700200032946451
-0.6203760288322969
0.16958733263089726
0.16266117161421773
0.16836771084573118
0.20319274228390619
-0.6922988491793198
-0.5693646789097112
0.2223213733779707
0.23623968860230482
0.19455139199292573
0.2312140527240173
-0.6923819257167804
-0.569063120910669
0.22250055754615453
0.23627381073664194
0.1945446771989287
0.2315059182512029
-0.6923024025407709
-0.568758392809931
0.22278163335433923
0.23645736397067854
0.19485485231581773
0.23177385408525325
-0.6922485606327347
-0.5684749770931735
0.2230707378716793
0.23656295103668765
0.1950853316547337
0.23205012431839772
-0.6922440187169835
-0.5681917064817771
0.2232019783737079
0.2367021294908033
0.1952001073402811
0.23239255597977176
-0.692311997663775
-0.5678785565984793
0.2233636105085318
0.23677394691038645
0.19525715311929887
0.2326789259198989
-0.6923723739826388
-0.5675768254296718
0.2234808438133535
0.2368646254922349
0.19536362234416121
0.23294110775963023
-0.6923646626510402
-0.5675810948683743
0.22312358837816793
0.23716482494838245
0.1953259075857518
0.23302226203172985
-0.6923627602606931
-0.5671906966722104
0.22342614257933793
0.23731494646614099
0.19548333302771578
0.2334034346725678
-0.6920469575808651
-0.5669996725904723
0.22349922169915803
0.23782038044235762
0.195958331554266
0.23382103546506852
-0.6919693239471028
-0.5666963033632421
0.22379777164270745
0.23800002133688158
0.1962299810415135
0.2340899319972466
-0.6920110361461277
-0.5665660800700103
0.22404233952291128
0.23785016638257808
0.19620964626968368
0.23421721954132943
-0.6920785326296225
-0.5664557447059266
0.22405302499690774
0.2377595977402603
0.19622247727686845
0.23435560382959944
-0.6920726749692667
-0.566171479236116
0.22418388542563086
0.23789846363101874
0.19633708299353717
0.23469751813670553
-0.6919921819339916
-0.5658672539272988
0.22446272424181096
0.23807879538629362
0.1966422488875412
0.23496354960039623
-0.6919886074454225
-0.5658754519443919
0.2241626923379655
0.23828330597286665
0.19664710277146363
0.23502938216848576
-0.6919823369980135
-0.5655909075218817
0.22429333175506136
0.23842217471980798
0.19676170642210555
0.23537113125720072
-0.6915880532489475
-0.5654736870270377
0.22433646056619494
0.23900744523052717
0.19720975991188217
0.23580156501576743
-0.6909077079061873
-0.5654532584596836
0.22466397878172964
0.23951790335669948
0.19796206107419223
0.2363841040298098
-0.6909067639456461
-0.5654501166313343
0.22466671151894896
0.23952008178402398
0.19796548274420822
0.23638670845682958
-0.6909069406725811
-0.5654503722924968
0.22466247361084568
0.23952198035499161
0.1979657842872177
0.23638743184475153
-0.6909035011810235
-0.5654498351683399
0.22466213986025946
0.2395243570191656
0.19797134000822503
0.23639202568448225
-0.6909010813677398
-0.5654426073384301
0.22466902802327188
0.2395337526440218
0.19797669856047842
0.23639583242868295
-0.6909010806195903
-0.5654425788937547
0.22466904105871693
0.23953376654192798
0.19797671004721693
0.23639586656186762
-0.6909010798714391
-0.5654425504490779
0.22466905409416138
0.2395337804398335
0.1979767215339549
0.23639590069505165
-0.6909010791232862
-0.5654425220043996
0.22466906712960524
0.23953379433773841
0.19797673302069238
0.23639593482823504
-0.6909010762755522
-0.5654425211404945
0.2246690437169572
0.23953382371992477
0.19797672776208305
0.23639594210054235
-0.6909010736903877
-0.5654425209706844
0.2246690260856224
0.239533811447606
0.19797676352557683
0.23639594930295482
-0.6909010740913428
-0.5654425232447546
0.22466898956202974
0.23953380359381593
0.19797679676149268
0.23639595752708684
-0.690901066038229
-0.5654424928429765
0.22466901748361492
0.23953382123438574
0.19797682682680082
0.23639598419209792
-0.6909010565980317
-0.5654424614252739
0.22466904480973265
0.23953384301730016
0.19797686104090725
0.23639601023512702
-0.6909010558498716
-0.5654424329805915
0.22466905784517135
0.23953385691520376
0.19797687252764873
0.23639604436830766
-0.6909010562959821
-0.5654424352916405
0.22466902097931074
0.2395338494339904
0.19797690541954266
0.23639605260788296
-0.6909010555478204
-0.5654424068469569
0.22466903401474675
0.23953386333189297
0.19797691690628558
0.23639608674106347
-0.690901054799657
-0.5654423784022719
0.22466904705018215
0.2395338772297949
0.19797692839302794
0.2363961208742433
-0.6909010573457571
-0.5654423782800032
0.2246690208372735
0.23953384735148922
0.19797697838523007
0.23639612704534074
-0.6909010481335426
-0.5654423470021922
0.22466905040322027
0.23953386927144268
0.19797700853446124
0.2363961532240684
-0.6909010473853752
-0.5654423185575044
0.22466906343865378
0.23953388316934193
0.1979770200212064
0.2363961873572465
-0.690901039534955
-0.565442288321624
0.2246690931389874
0.23953390088016135
0.19797704671885907
0.2363962140915983
-0.6909010141738186
-0.5654422610554543
0.224669113250658
0.2395339840984566
0.1979770599753363
0.2363962388928598
-0.6909009983245704
-0.565442245338072
0.22466912020626348
0.23953399568268469
0.19797710566848759
0.2363962661936762
-0.6909009975763929
-0.5654422168933794
0.22466913324169535
0.2395340095805852
0.1979771171552334
0.2363963003268497
-0.6909009914434537
-0.5654421881356972
0.22466917865409472
0.23953402819299116
0.19797711412141417
0.23639632755916007
-0.6909009906952724
-0.565442159691002
0.2246691916895273
0.2395340420908907
0.19797712560815808
0.23639636169233183
-0.6909009899470895
-0.5654421312463055
0.2246692047249593
0.23953405598878963
0.1979771370949015
0.23639639582550298
-0.6909009891989047
-0.5654421028016076
0.22466921776039073
0.23953406988668793
0.1979771485816444
0.23639642995867347
-0.6909009795559898
-0.5654420712180197
0.22466924330770888
0.2395340915992831
0.1979771861632994
0.23639645593231715
-0.690900978807801
-0.5654420427733189
0.22466925634313967
0.2395341054971804
0.19797719765004262
0.2363964900654855
-0.6909009695352999
-0.56544201967057
0.22466927140818777
0.2395341238671839
0.19797721648149788
0.23639652372313413
-0.690900961417578
-0.5654419893352245
0.224669299164318
0.23953414173343865
0.19797724669936526
0.23639655021862754
-0.6909009659309646
-0.565441967404518
0.22466929129180405
0.2395341659282242
0.1979772537489251
0.23639656654636562
-0.6909009605124115
-0.5654419392315095
0.22466933179792462
0.23953418041316804
0.19797725682179557
0.23639659402309465
-0.6909009571310336
-0.5654419095701689
0.22466934142468498
0.2395342124334288
0.19797726863114215
0.2363966233686735
-0.6909009563828339
-0.5654418811254603
0.22466935446011382
0.23953422633132496
0.19797728011788343
0.23639665750183658
-0.6909009598602613
-0.5654418859175268
0.22466929835948515
0.23953422364098806
0.19797731013819955
0.23639666677855056
-0.6909009519705236
-0.5654418557220731
0.2246693283554474
0.23953424164428308
0.1979773362911842
0.23639669340974323
-0.6909009536456463
-0.5654418605909802
0.22466926461431436
0.23953426550283327
0.19797734645401596
0.23639670476056698