-0.6
-0.6
0.05
0.05
0.05
0.5
-0.5705587855575427
-0.5310357030163172
0.144422692594253
0.2769587438227238
0.10489961005302736
0.5328186992211845
-0.5558412913235882
-0.2504234775469633
0.295664549805569
0.44926036187517876
0.1306176847053365
0.567463798344249
-0.7663405684307112
-0.34621103082223026
0.0467226369865535
0.07259118194533298
-0.12115423454537089
0.5203164635708069
-0.7244148442437882
-0.33375228290284364
0.07252396244983057
0.05529491425941299
0.19944743266281206
0.5619039206378803
-0.5781457211952835
-0.32385991352334953
0.20200593127961905
0.1309383083792583
0.37869501543241485
0.5995841307852547
-0.646779362031661
-0.5150980975436922
0.02659772171845136
0.09040284553899794
0.11140852523833031
0.5431928147341855
-0.5750949979269792
-0.5050428539336468
0.12019326917610298
0.1236942844424093
0.24945849745117027
0.5676453286519414
-0.5848961111628034
-0.5755805799654664
-0.022071501171025906
0.08906622275118127
0.09195889933458971
0.5565313582784998
-0.5718098393656994
-0.5622545113273089
0.009245696813581306
0.11930060832683345
0.11541773114210471
0.5738153024954543
-0.49217737804119904
-0.3449432497863232
0.21798229157875318
0.40639908605892233
0.18414924983968248
0.626249263603057
-0.5322135222315268
-0.3558989047105789
0.1553796583771503
0.3030577054292872
0.1494771887979058
0.6721268446888081
-0.5076685478327843
-0.2615903662848809
0.2226607873777352
0.33033615348401835
0.1588900331040481
0.6999266266218184
-0.570483376154077
-0.3529425649090637
0.06638378748156883
0.13798646078863966
0.08327941157695803
0.7208312787423143
-0.5453254246467408
-0.33180239477827994
0.10907458526528423
0.1513210894700063
0.13260817908147352
0.7349469951124112
-0.530438485227426
-0.30061237954246284
0.14025444293416106
0.1661282245295374
0.15435589962798407
0.746439261532631
-0.5512221978723404
-0.3258134838389372
0.046642741282474316
0.11386881716967959
0.09915342183664172
0.7516825183690521
-0.5664164345446508
-0.31611681588926394
0.005437079098074511
0.0927801585327768
0.07810477963507183
0.7513351483468808
-0.5694709315837044
-0.3159387193994665
-0.0009425404347055406
0.08822974143767817
0.07693623986068952
0.749787318514311
-0.5698289607874998
-0.31336463935485454
0.0020344354095548412
0.08910463646262155
0.07718946619395102
0.750463569663419
-0.5791862660679407
-0.3113988596005387
-0.00024921192212885775
0.07004232320724701
0.06382143435302434
0.7473920355529836
-0.589927327325468
-0.3125729427995173
-0.006453380967257935
0.04581147924786267
0.045770364883737785
0.7416526409619961
-0.583069329353583
-0.31177225854910073
0.0045075355567450485
0.051291669503665746
0.06804328213776167
0.7453503702856851
-0.5725039907090614
-0.31363243592185963
0.01247102538876108
0.07303969527046084
0.04948907095935223
0.7522861051860861
-0.5792674949554494
-0.3119204066361263
-0.0043275038488152515
0.0505582206738244
0.047917004724738615
0.7498559387661984
-0.5739366520149782
-0.31238633923664094
-0.0022685925671039977
0.054548335154306696
0.05440086564007876
0.7530414151754444
-0.5692203833677214
-0.31191626864772454
0.005303659991659337
0.057519364653291494
0.06874179519757846
0.7554034392198473
-0.5345288965869223
-0.3064053764119551
0.047297941408804986
0.0722363614582747
0.1270536119574988
0.7725262432627953
-0.5285050079149571
-0.30654311980082855
0.05538401643090073
0.07406946331909925
0.13431324153348248
0.7746741578160181
-0.516122120022348
-0.3067078369933403
0.06925283196021018
0.07778422046579019
0.14908524041900917
0.7787653763180089
-0.5175718040652713
-0.3075693181038757
0.06758300848580767
0.07613835995926044
0.14204662766949447
0.7790884319974098
-0.5151074433163231
-0.30777250634989306
0.07083092597044847
0.07658564726198842
0.14372842067747382
0.7800001062976958
-0.5106264577934724
-0.3065123216133269
0.07592107127543861
0.07934323451655136
0.14841963823227738
0.7818075660674696
-0.5103308209172752
-0.3093457162982326
0.06986570217159042
0.08032692163088706
0.13970563167359978
0.7829536300636772
-0.5075357723007832
-0.3090880920472407
0.07277275234746901
0.08175318736032845
0.14232888955584258
0.7839866205871409
-0.5054402805256026
-0.3106969860174138
0.06846133889965025
0.07980424715497587
0.14126336799038697
0.7854848781345204
-0.5046010606846959
-0.3100695204825148
0.06989479806919009
0.08128983823187705
0.1411281171805685
0.7860179361616333
-0.5039466744341554
-0.30957988394361086
0.0710143297327881
0.0824467246382794
0.14097675768412457
0.786436965780545
-0.5039041556186096
-0.30971471107209925
0.07109283464052471
0.08226821266553618
0.14018047987304652
0.7865650531303674
-0.5030913172589729
-0.30700907987260506
0.07338443032441645
0.0852332240148052
0.14094916856385986
0.7874820037090164
-0.5032603644482868
-0.30714118503171256
0.07296328020849867
0.08488744002253827
0.14006847632627004
0.7875560946624475
-0.5029217614471969
-0.3071855245858061
0.07339321569437987
0.08489477517163997
0.14019968935252036
0.7876910025459498
-0.5030859960649178
-0.3083392932503086
0.07057355097532826
0.08401381726876883
0.13884352901029146
0.7877276735420059
-0.5027829822926374
-0.30837017166398306
0.0709691071841328
0.08405732449074585
0.13899780827230213
0.7878416536749552
-0.5030818056509198
-0.3096764431186215
0.06838924942827805
0.08279626428783778
0.13758395090261696
0.7877484008470287
-0.5024877747471267
-0.30969412119443374
0.06915889237611289
0.08294398002206634
0.13816376199781172
0.7879363592202792
-0.5023773673524023
-0.3102067580360671
0.06843578025714435
0.0830634059153064
0.13713744086375979
0.7880349515932057
-0.5023248793561312
-0.3105698000899043
0.0676203153398216
0.08314278813098527
0.13605446911685343
0.788175149329415
-0.5020583228190796
-0.3105845193685067
0.06790935108541062
0.08323446297150076
0.1362580757586095
0.7882694829918838
-0.5022419491823068
-0.3114052708678668
0.06628771519182781
0.08244166896283545
0.13536325822199832
0.7882042121900018
-0.5022494940382521
-0.31115896852913155
0.066497255543338
0.0826000667880784
0.13540458153601534
0.7882553427114034
-0.5023052499820647
-0.31119351104668913
0.06642954491928829
0.08253414377645965
0.1351192425419178
0.7882677562165606
-0.5022064025375682
-0.3110601627105742
0.06665607219975572
0.08273603009685031
0.13516223494660437
0.7883357102349849
-0.5018865310766149
-0.31104397102307685
0.06697759757605028
0.08282813444481099
0.13552546331744628
0.7884465158614132
-0.5018575474659794
-0.31103870481133916
0.06701478337071358
0.08286610330216346
0.13549495281655485
0.788465136613692
-0.5017056907776267
-0.31104238705530046
0.06721265032602065
0.08293306110580374
0.135626958336146
0.7885137465387292
-0.5016765104834168
-0.3110197717154801
0.06726330922130924
0.08298419556951729
0.1356237971032214
0.7885320770956725
-0.501691625802036
-0.31113857097280606
0.06697143173330573
0.08289421022935088
0.135481818159322
0.7885343089830638
-0.5016466224506806
-0.3109886727256972
0.06710051961757271
0.08306074239172757
0.13552497779019268
0.788586155949677
-0.5016515511933473
-0.3109847629920505
0.06710283945016357
0.08306142521021855
0.13549991922425056
0.7885885992341515