-0.6
-0.6
0.05
0.05
0.05
0.5
-0.4808819053868451
-0.3086363837892423
0.27044031827759313
0.49787823724445834
0.22885631224016645
0.5478140735223161
-0.6913448064169949
-0.5132156331679785
-0.30243190564956757
-0.06166834169305452
-0.1569563744686432
0.3724899020160109
-0.2971681050478835
-0.049410597125231936
-0.1991771221481776
0.40163741388341573
0.4016374138830756
0.7395626814443148
-0.5699155647990504
-0.22619455020548832
-0.28033766040506236
0.26647213628175387
0.1263031746964111
0.6771138598956444
-0.5615539180974589
-0.4611559915550802
-0.35565132439341385
-0.005060446368529535
-0.00506044636866506
0.5877527267010805
-0.49264169126279383
-0.22272141183410757
-0.11748149624407671
0.27003157955638496
0.3287717297457164
0.716163061420304
-0.5687905033924638
-0.257147996607184
-0.2593008009386928
0.18811110382868
-0.11504886060395252
0.7032022027938335
-0.48013328195152605
-0.21207781185578362
-0.04980914803838515
0.3494373580450821
-0.014042394516369997
0.7744097274772116
-0.4715067876146318
-0.037892120114325724
0.08162155915112836
0.32008749140168097
-0.020907238458857686
0.8165110793960569
-0.49428077328023423
0.05643041553507453
0.06423887513555142
0.09869816503903682
-0.0890877246586569
0.8548084825400494
-0.3821199512018036
0.20794812076669333
0.17284086646882474
0.10989938156738185
-0.06632041873899988
0.8742949644318151
-0.252327929095077
0.05982876538697452
-0.03462340031349817
-0.22314256533804958
-0.14470863815180962
0.9278034063098681
-0.27421842225421483
0.024606460622313496
-0.06087054459819542
-0.22721719327087136
-0.1967920526760937
0.9111195261204799
-0.16696563935399653
0.02517548807338471
-0.02441347751984031
-0.12224549152129786
-0.12224549095483041
0.970053984031144
-0.16306438288711803
-0.1646583249936982
-0.09341073920237021
-0.27539515107816287
-0.2881865872174646
0.8824273786302
0.005537770669931757
-0.15479441576892178
-0.02374508027238799
-0.16734917098581553
-0.12359513370921275
0.9654857280143427
0.044885466677918845
-0.08317126377148541
0.07364048439607457
-0.15415856733806602
-0.07107370774227828
0.9781761492725689
-0.021984428752914186
-0.0705779977558724
0.014094654644341406
-0.221839677592455
-0.16825577361770774
0.9575040072634783
-0.032516601672836855
-0.06883531762734135
0.04987641468173224
-0.16915733076901251
0.024717847883712847
0.9810665310591272
-0.06725177244179363
-0.09767063456647339
-0.009481357203716845
-0.1962608822726098
-0.07359966201308549
0.9705217699534264
-0.06430702635938257
-0.08585027144848495
0.017775018414728998
-0.16982430292436204
0.021334192197471104
0.979225686117826
-0.0574932267549224
-0.21837299862389706
-0.028925248600984232
-0.2118306072402034
-0.17674818887911606
0.9338409735639601
-0.03954068261967775
-0.20642134453148556
0.0378252020654113
-0.10630350556431087
0.04022978051285808
0.9702974525850926
-0.027163652039000834
-0.21982249501429216
0.019813971734545553
-0.0984213560068948
-0.00896505954512527
0.9699383885622914
-0.02721095810768131
-0.28127636023630137
-0.015254690154006602
-0.11614434302633281
-0.14410668757916942
0.941092036698498
-0.026608340528056624
-0.2543374706168343
0.04490921540955747
0.04289327753427194
-0.10179891323857071
0.9593668524770312
-0.0265333200481039
-0.241952505908407
0.06099457278358734
0.06094873942229952
-0.0969677986736426
0.9612060794054703
-0.02654531500656513
-0.22625617612915055
0.07862378567910147
0.06816001008530982
-0.09521570568592262
0.9634365426721191
-0.026658854626545967
-0.21799922923640427
0.0857030393973078
0.058524641150917156
-0.09810468802889144
0.9650756276713801
-0.10673520302108139
-0.19805783593925325
0.00046208414705929375
-0.07997800916985702
-0.13415496846266808
0.9617621530416739
-0.10551504158237245
-0.17888256071945055
0.0375881976233321
0.001817281452682425
-0.11240110122283536
0.9709878592452982
-0.16048057002760507
-0.16649930597548573
-0.013164062928424765
-0.10053198323703381
-0.13222343591625693
0.9585201920363708
-0.15896041461493937
-0.15503451974651977
0.012906516037314719
-0.025505626993954447
-0.11069510740444449
0.968310571203555
-0.17453681600894924
-0.1524848848925444
-0.01238831793523674
-0.07638459994170427
-0.13315932039874195
0.9605028774544053
-0.178406644763912
-0.14200277741192333
-0.012015302782707751
-0.09033437748073067
-0.13677601789121652
0.9596842887040579
-0.18783558965490219
-0.14219693551821952
-0.025377987898686973
-0.12009354952129275
-0.1532524320510064
0.9518114371829459
-0.19069049434287016
-0.14409114572441617
-0.029871942071280532
-0.1290444483832378
-0.14908090497819304
0.9503183457559555
-0.19434186714170212
-0.1441243008007383
-0.023854936427897457
-0.13508093995808024
-0.16114588601632002
0.9469295167448595
-0.1895804405297587
-0.12038524571320096
0.017034972910916428
-0.03492514317087437
-0.13510612523231702
0.9642629455601012
-0.1885026822691057
-0.11597221626406708
0.026059638115979326
-0.006358794888729734
-0.11875067627806878
0.9675721790670098
-0.18811506310701945
-0.11471881071386529
0.029479756422602046
0.0034893754773660563
-0.11604771488686118
0.9680413284515378
-0.18296926945850484
-0.10514460582819866
0.03949227245505306
0.021101319024349675
-0.10549243821703343
0.9707385325255444
-0.18295800209891616
-0.10513813095902429
0.039552061719424284
0.02134890448292194
-0.10542372070544978
0.9707409750753068
-0.18276273591539186
-0.10302613283480974
0.040997888797483215
0.02408323208346625
-0.09861680035217907
0.9715952326193694
-0.18000665109365024
-0.09811151522553616
0.04430632973860764
0.027935591298627258
-0.0939093814507413
0.972835708689616
-0.18030823111941427
-0.10046410440373939
0.040424173553172515
0.02090970851170054
-0.09583488700023218
0.9726974093895253
-0.1804811986477114
-0.10208415718794303
0.03787526424317693
0.016673731085747396
-0.0969908292252133
0.9725664974089473
-0.17376802534754196
-0.09375404564076831
0.04337938982475353
0.025593294256665084
-0.09472223322590484
0.974425863087093
-0.1738511341918382
-0.09331642333013077
0.04431942190590173
0.022903388143239275
-0.0935891414766605
0.9745871559425723
-0.20250213132222172
-0.09367674146257822
0.01842672469611647
-0.014314461813802965
-0.10327708406414829
0.9690237101464919
-0.20861021494636942
-0.09338122032311452
0.0019047857261338577
-0.036563970545243615
-0.10863324590014503
0.9667574626789796
-0.20723750437886299
-0.09319326507110523
0.006965739508309436
-0.03237841330811107
-0.09196674279947752
0.9689235610551606
-0.21707005468918192
-0.09273479217887207
-0.006869187139979299
-0.05174571324660643
-0.09662731248734083
0.9655149960445393
-0.21674822503917232
-0.09221186129971708
-0.004413387976433852
-0.04298953395103832
-0.09376572733399832
0.9663630735560929
-0.21649766324662503
-0.09198721841554386
-0.002649580527507466
-0.03637719811448205
-0.09201667384595234
0.9668866140202882
-0.2162822973925309
-0.09153922513902552
-0.0009108977197360288
-0.03078535441428086
-0.09052954259199794
0.967315032568279
-0.22475627429872777
-0.09163529187775804
-0.010538534298156684
-0.04662181540614327
-0.09543789002339834
0.9642066921655319
-0.23250334912126536
-0.09421015443879269
-0.014380059945315092
-0.05506391552972002
-0.10001184982430208
0.9611583888336198
-0.23499117506035214
-0.09378854731738748
-0.02078823925812205
-0.0643017537655705
-0.10238415031850942
0.9596527889662099